method,trial,status,validation_loss,num_layers,hidden_dim,layer_type,activation,pooling,optimizer_type,learning_rate,weight_decay,batch_size,elapsed_seconds,error,dropout,x
Random,0,completed,1.5036526918411255,4,512,GATED,RELU,ADD,SGD,0.0006132252199347742,1e-06,128,4.6743581449991325,,0.058263971773563794,"[0.6249185065938119, 0.8283156546680388, 0.740922171116066, 0.20757799124983634, 0.9063611897232698, 0.7734791129353222, 0.5958733358840426, 0.23600487527566016, 0.7133100340411557, 0.11652794354712759]"
Random,1,completed,1.5643560886383057,5,128,GAT,RELU,MEAN,ADAMW,6.395706729746882e-05,1e-05,256,14.595796120003797,,0.026632706373647952,"[0.9212354203641835, 0.5147910122053657, 0.47795775034388477, 0.041376601482821185, 0.17231831391832053, 0.3841604450242676, 0.2686295137628646, 0.3698681121458558, 0.8983227690367417, 0.053265412747295904]"
Random,2,completed,4.107858180999756,2,128,GCN,TANH,MAX,ADAM,4.847821084644614e-05,0.0,256,0.7566939669923158,,0.10734900353631088,"[0.06057985025289725, 0.48678717703212127, 0.05618363577835517, 0.4095524403151978, 0.3279906768226495, 0.05806558439889287, 0.22851552774406603, 0.15504328009882218, 0.911421952010596, 0.21469800707262177]"
Random,3,completed,5.687596321105957,5,512,GIN,TANH,MAX,ADAM,0.0005848029841228672,0.0,32,3.4662348459969508,,0.10758670942901061,"[0.8000339568147508, 0.959908094543587, 0.9534537858970499, 0.33394472948820775, 0.34278025340729434, 0.16505145337835958, 0.5890031933553541, 0.0586939887821033, 0.2704619416771016, 0.21517341885802121]"
Random,4,completed,4.369277000427246,4,128,GIN,GELU,MAX,SGD,0.0006047955070480371,0.0,16,5.165872637997381,,0.31910572855786323,"[0.5888333166939649, 0.5646529092815662, 0.8836991989949379, 0.6125897481868092, 0.40332827575731844, 0.951716467989431, 0.593869518728155, 0.03672031257910391, 0.06215859867889628, 0.6382114571157265]"
Random,5,completed,9.096853256225586,3,32,GRAPH_SAGE,RELU,MAX,SGD,0.002554707123492697,1e-05,32,2.306030562001979,,0.24447689197692385,"[0.36393617832422964, 0.17860435591634638, 0.2638179796770558, 0.17723435960747824, 0.47399984893057245, 0.8196084711093607, 0.8024470396583272, 0.36372140050947577, 0.25541210485633403, 0.4889537839538477]"
Random,6,completed,4.448533058166504,5,64,GCN,RELU,MEAN_MAX,ADAM,1.9136803665720775e-05,0.0001,16,11.585636684001656,,0.22990240002553308,"[0.8531991468982935, 0.21435393395721536, 0.1994250187731076, 0.23977098533477048, 0.5302313545656345, 0.0022678665551870703, 0.0939564670810833, 0.5019797689666021, 0.15004782069197742, 0.45980480005106616]"
Random,7,completed,4.619101047515869,4,256,GAT,ELU,MEAN_MAX,ADAM,0.0015494386160666831,1e-06,128,1.6462257899984252,,0.45031378805126315,"[0.7039678132474999, 0.6631033071218969, 0.4959876516563452, 0.7897152897973033, 0.6352178252409034, 0.037591747309245305, 0.7300581251736802, 0.22867859896555487, 0.6311991628593762, 0.9006275761025263]"
Random,8,completed,3.96952486038208,3,256,GCN,TANH,MEAN,ADAMW,6.07321046171799e-05,0.01,32,2.9396113409893587,,0.41081375816861426,"[0.3687381547312868, 0.7032587464566661, 0.06208836907148485, 0.434522005166044, 0.14695501815654655, 0.4303358077076104, 0.2611394438243785, 0.9709421431233148, 0.2964877031340267, 0.8216275163372285]"
Random,9,completed,3.1693267822265625,3,128,GIN,RELU,MEAN,SGD,1.711595994444325e-05,1e-06,64,2.3001970750046894,,0.2945312453061515,"[0.30002075759662705, 0.4991918612495029, 0.9651865088905816, 0.021311100718398257, 0.004978760673229554, 0.9202683493800689, 0.07780042048572056, 0.24660513827918829, 0.45876990781072724, 0.589062490612303]"
Random,10,completed,0.9232363700866699,2,32,GRAPH_SAGE,RELU,ADD,ADAM,0.00033156212782978266,0.0001,16,25.10950438999862,,0.038016882942962016,"[0.1318367245826776, 0.06845180732205625, 0.36054552237496196, 0.03117720544826652, 0.9476633370525203, 0.09276596507312496, 0.5068549726989954, 0.6158042952832482, 0.011990445845142528, 0.07603376588592403]"
Random,11,completed,4.148752689361572,3,64,GRAPH_SAGE,GELU,MAX,SGD,2.3653466862285175e-05,0.001,32,2.903387627011398,,0.07476680735963731,"[0.48224593584055153, 0.24365422577999118, 0.24269247406231087, 0.7399715841734062, 0.3255276075353254, 0.826399806118539, 0.12463160126583128, 0.8197317294833203, 0.3732096888140858, 0.14953361471927462]"
Random,12,completed,1.799330234527588,2,256,GATED,RELU,MEAN,SGD,0.003094640011550345,0.01,16,12.287649589998182,,0.45946420739205707,"[0.1242702196108898, 0.7471276191148573, 0.6354457549437881, 0.11202240381927187, 0.18600080679633268, 0.7635047647622962, 0.8302033787880524, 0.9405093076077772, 0.14784867122597445, 0.9189284147841141]"
Random,13,completed,1.5756580829620361,3,32,GCN,GELU,ADD,ADAMW,0.0005280354891093951,0.01,128,2.4440795140108094,,0.4508560620922755,"[0.3999356119203862, 0.03272233487627263, 0.05632462024962981, 0.5724043678568693, 0.7816742771364258, 0.42661469812046704, 0.5742210374395688, 0.892661707559284, 0.6819408012971016, 0.901712124184551]"
Random,14,completed,5.040542125701904,4,64,GRAPH_SAGE,RELU,MEAN_MAX,SGD,5.169180851199649e-05,1e-05,32,3.794523261996801,,0.14065893298660737,"[0.6416779948279299, 0.23708027205626026, 0.32150307859490024, 0.09792262437274724, 0.6088912267489773, 0.8823394983028477, 0.23780724228276695, 0.4924638871709478, 0.3995039853479134, 0.28131786597321473]"
Random,15,completed,1.5583866834640503,2,128,GRAPH_SAGE,GELU,ADD,RMSPROP,0.0006960180754027236,0.0001,64,1.1568670560081955,,0.4594049714396547,"[0.1429619482402238, 0.5389675064651245, 0.3267548560850376, 0.5296473285590526, 0.7519529078020925, 0.5962762263699727, 0.6142068394227393, 0.5795234747520436, 0.5662910860567398, 0.9188099428793094]"
Random,16,completed,3.8083012104034424,3,512,GAT,TANH,MEAN,RMSPROP,3.4324572335377874e-05,0.01,32,13.411380890000146,,0.45466068142963995,"[0.4359656829949996, 0.9639386198686171, 0.41234421609213545, 0.25398338021180955, 0.11154697771830402, 0.6233642739903651, 0.17853504496020167, 0.9931274669406823, 0.3978859427288247, 0.9093213628592799]"
Random,17,completed,3.7486000061035156,2,256,GAT,TANH,MEAN_MAX,ADAM,2.8585280407046685e-05,0.0001,16,8.56833825299691,,0.1057411375526981,"[0.036716000460629394, 0.7957837756077122, 0.5141907051536684, 0.45758281340056284, 0.5898730148023357, 0.023134994971898304, 0.1520474855929781, 0.5272009271151967, 0.17720146555846594, 0.2114822751053962]"
Random,18,completed,1.773809552192688,4,128,GCN,ELU,MEAN,ADAM,0.0006577964312299643,0.0,16,19.451430836008512,,0.3777335549393531,"[0.6816252968797591, 0.42388148992325836, 0.11378753084466653, 0.7551554911876384, 0.20758319505509248, 0.008187929261288196, 0.6060305043191035, 0.0938339883252628, 0.15739457115027156, 0.7554671098787062]"
Random,19,completed,1.282897710800171,3,64,GCN,TANH,MAX,ADAMW,0.008055560808835486,0.01,256,2.052058756991755,,0.01072621889042602,"[0.32991072139998445, 0.3299705803715284, 0.07883571095589526, 0.43200691748099274, 0.4325308287295304, 0.4578205629611408, 0.968698593449534, 0.9607683413002718, 0.8188861987910536, 0.02145243778085204]"
Random,20,completed,3.0985758304595947,2,256,GCN,GELU,MEAN,RMSPROP,0.007240276447915097,0.0,128,0.9774928859987995,,0.4902666794203183,"[0.08712510665388407, 0.7344626761776064, 0.007838615069990063, 0.5019008902526991, 0.079601714701649, 0.5879380655065046, 0.9532517162421416, 0.08592213013061212, 0.6487522186035203, 0.9805333588406366]"
Random,21,completed,9.946466445922852,3,256,GRAPH_SAGE,GELU,MAX,RMSPROP,0.0003844210130023989,1e-05,16,4.376895777008031,,0.436444916819214,"[0.36078961511986973, 0.6332299124461508, 0.3774373607535808, 0.7142477681544565, 0.2919723515074971, 0.7184522856174285, 0.5282690396009605, 0.4020940319893217, 0.16937464590553786, 0.872889833638428]"
Random,22,completed,1.4325335025787354,5,128,GCN,GELU,MAX,ADAMW,0.00037688260016461623,1e-06,16,33.23061825800687,,0.041130051174201265,"[0.9786983137653582, 0.41194904311882896, 0.18367256871987248, 0.583315492423705, 0.3707245385759147, 0.382819104285006, 0.5254020291658518, 0.22601732980431533, 0.02583931732787126, 0.08226010234840253]"
Random,23,completed,3.62835693359375,3,512,GCN,TANH,MAX,ADAM,1.988766601617186e-05,0.0001,64,3.8758486320002703,,0.04058700564658535,"[0.2650797987293395, 0.9522800636890895, 0.026402870210499807, 0.4448742617144089, 0.286027972811406, 0.16381435202133243, 0.09952793934256055, 0.6467806005127813, 0.5640548392933493, 0.0811740112931707]"
Random,24,completed,1.1521047353744507,3,128,GATED,RELU,ADD,RMSPROP,9.593572802483938e-05,1e-05,256,4.903162426999188,,0.1079036756696507,"[0.4403174472588931, 0.49697770211841097, 0.7288549507090274, 0.08821440940570735, 0.9208790843861874, 0.5729492837876283, 0.3273267918736513, 0.45217243992141776, 0.9855619929332836, 0.2158073513393014]"
Random,25,completed,11.089311599731445,4,32,GAT,GELU,MEAN_MAX,SGD,0.003297039692166621,1e-06,16,10.48237275100837,,0.3943228821501377,"[0.5016919006912669, 0.042314325945007614, 0.5269155979913578, 0.6948841030287048, 0.5620831583471521, 0.8973452700327224, 0.8393747251760338, 0.3221611771336146, 0.025857422341352354, 0.7886457643002754]"
Random,26,completed,3.44848895072937,3,64,GIN,ELU,MEAN_MAX,RMSPROP,1.2959388629027441e-05,1e-05,256,1.0535671660036314,,0.28537460895728634,"[0.437849067949693, 0.29299396088710383, 0.833502220187977, 0.947690674048247, 0.6618865161661951, 0.6721124520228233, 0.03752817125991381, 0.3818091308679489, 0.8452413177863213, 0.5707492179145727]"
Random,27,completed,2.3320319652557373,3,512,GRAPH_SAGE,ELU,MEAN,SGD,8.204110356295636e-05,0.001,16,41.004264283998054,,0.17480670965432055,"[0.3030112712031724, 0.9193151102185138, 0.3716323388760483, 0.8150608054493963, 0.0814079173879605, 0.9588365950699039, 0.30467716452643323, 0.8019916040762524, 0.17808907001371765, 0.3496134193086411]"
Random,28,completed,1.1757910251617432,4,512,GAT,ELU,ADD,SGD,0.0007340849811288322,0.0,16,35.030278178994195,,0.0987177456526534,"[0.6793939066465334, 0.91067652837785, 0.5575250605881911, 0.968053695403219, 0.844829447629981, 0.8757881698080279, 0.6219154462658387, 0.09392713130373742, 0.032877686705458875, 0.1974354913053068]"
Random,29,completed,8.246003150939941,3,64,GAT,RELU,MEAN_MAX,RMSPROP,4.53295316419522e-05,0.001,16,8.625333780000801,,0.49520244811371045,"[0.48280541491815143, 0.3377769093532127, 0.5600633702866438, 0.053370634450531806, 0.5086254390465343, 0.5481387418945579, 0.2187937439412001, 0.7193265219176972, 0.08979893919691562, 0.9904048962274209]"
Random,30,completed,4.352003574371338,2,512,GIN,GELU,MAX,SGD,0.002184274436784456,0.0,16,3.4229748510115314,,0.20615882333918722,"[0.1315494370551067, 0.8269642032558325, 0.9313900341933964, 0.7035905994949779, 0.3542056921352059, 0.9689366032320934, 0.7797690677076939, 0.1186382546567355, 0.07139037137122561, 0.41231764667837445]"
Random,31,completed,5.218161106109619,3,128,GAT,TANH,MAX,ADAM,0.0024692186199192626,0.0001,256,0.6274306230043294,,0.16944865981508428,"[0.3839413697675652, 0.40874353007816056, 0.4297793658775849, 0.48622399380972614, 0.4472481556498089, 0.07909481576608557, 0.7975198477471639, 0.539072989915096, 0.8788675785841333, 0.33889731963016856]"
Random,32,completed,4.96504020690918,2,64,GRAPH_SAGE,RELU,MEAN_MAX,ADAMW,0.0010720903212456505,1e-06,32,2.0228650130011374,,0.10560585711575432,"[0.059698166057642, 0.34355246155300545, 0.21429387104257458, 0.1436071312575965, 0.7328140285825417, 0.2587012625812206, 0.6767437917501936, 0.24448701851459165, 0.2805819576783023, 0.21121171423150864]"
Random,33,completed,1.434270977973938,4,256,GATED,ELU,ADD,ADAM,5.3633464396625945e-05,0.01,64,8.696625810000114,,0.42843262998951903,"[0.7198532069017912, 0.7740484497546072, 0.6638667975624937, 0.9140243535339915, 0.8956398343978859, 0.2218840931307381, 0.2431452835531921, 0.8411187671495417, 0.4141838135182262, 0.8568652599790381]"
Random,34,completed,1.2740168571472168,3,128,GRAPH_SAGE,RELU,ADD,ADAM,0.0002582098125240498,0.0001,16,23.479508820004412,,0.48424794552505146,"[0.46753649677686504, 0.4694568387708925, 0.26131845673924803, 0.22139476118851387, 0.980918058487602, 0.11808404833517527, 0.4706575807871205, 0.6476479845902875, 0.10397920553927165, 0.9684958910501029]"
Random,35,completed,1.3143810033798218,4,32,GIN,GELU,ADD,SGD,0.000291795411416593,1e-05,32,12.073735832993407,,0.20337292565660453,"[0.5513749137309184, 0.19766903390935675, 0.8605220459350232, 0.5357176277423915, 0.9286130796668629, 0.9680149162119236, 0.48835948606024315, 0.37664220987237884, 0.3347564217486525, 0.40674585131320906]"
Random,36,completed,5.633872032165527,3,256,GAT,RELU,MAX,RMSPROP,0.002211955742570816,1e-06,64,2.2022804010048276,,0.34104931930891774,"[0.30533175594488626, 0.7667573256374078, 0.4586173968309447, 0.1295041391831726, 0.44963954817391405, 0.7464292438167788, 0.7815921444113746, 0.17827268593079182, 0.4093609940529974, 0.6820986386178355]"
Random,37,completed,1.1822623014450073,5,64,GIN,TANH,ADD,ADAMW,0.000444149609656496,0.0,64,3.816718481000862,,0.029481994632390873,"[0.9773250113804552, 0.3357589729408996, 0.9858228946444607, 0.4707106352366186, 0.7777385567144467, 0.48446798961372384, 0.5491764282542938, 0.08337861717638151, 0.49157618901795863, 0.058963989264781747]"
Random,38,completed,5.219778537750244,3,128,GCN,TANH,MEAN,ADAMW,4.38392175761743e-05,0.0,16,5.4847548810066655,,0.3442283313966732,"[0.36662387801998, 0.5810434735453234, 0.12057766092243316, 0.3834174452519975, 0.13875590182482078, 0.389551197572262, 0.21395426481371072, 0.03194101879395528, 0.17196819648819162, 0.6884566627933464]"
Random,39,completed,4.0690178871154785,5,512,GAT,RELU,MEAN_MAX,RMSPROP,4.42898343070233e-05,0.001,128,2.516909564990783,,0.10910419356074624,"[0.7966031716880098, 0.9754798259557759, 0.422750721879276, 0.023172019885205675, 0.6907962256400894, 0.6810452410145418, 0.2154346851819967, 0.7980638057577536, 0.6643547942944165, 0.2182083871214925]"
Random,40,completed,4.274445056915283,3,512,GIN,RELU,MEAN_MAX,ADAMW,1.2916513209773276e-05,0.001,64,1.3825461200030986,,0.4064363065441197,"[0.3630313326133119, 0.9444351490292933, 0.8961447443749085, 0.22137852353807586, 0.5213328986028214, 0.49769067885069584, 0.037048430813932276, 0.8075507890023592, 0.5100896261254, 0.8128726130882394]"
Random,41,completed,2.0464115142822266,2,256,GCN,TANH,MAX,ADAM,0.0003996950360687402,0.0,256,1.6891950220015133,,0.012699874061855354,"[0.19058356688190703, 0.6464700828580984, 3.610876844950539e-05, 0.3989805049726384, 0.4790885847422459, 0.007270368162854979, 0.5339095848871841, 0.04497833564968223, 0.8150352609498889, 0.025399748123710708]"
Random,42,completed,2.240102767944336,4,256,GIN,TANH,MEAN_MAX,ADAMW,9.734190184265111e-05,1e-05,16,7.737504588003503,,0.04588303497145446,"[0.5632833632851187, 0.7516633267267624, 0.8240389564356161, 0.40207662622901064, 0.6059165581361279, 0.2814536623437446, 0.329433275710482, 0.4172796628387534, 0.0736621848179766, 0.09176606994290892]"
Random,43,completed,1.397107481956482,3,256,GIN,TANH,ADD,ADAMW,1.2749499010925113e-05,0.0,128,1.8453288019954925,,0.1628390045254725,"[0.28063517118185144, 0.6383455652747267, 0.8311429206685589, 0.39328963035574505, 0.7892478405075596, 0.4596225811031499, 0.035164373196122534, 0.10124354848987083, 0.6021999712439784, 0.325678009050945]"
Random,44,completed,3.573378562927246,4,64,GIN,GELU,MEAN_MAX,ADAMW,0.0004353019610473461,0.0001,64,2.0887764249928296,,0.206250861595418,"[0.6543465748017722, 0.27697916758049834, 0.8414072176026401, 0.5662745533037702, 0.5772595275262131, 0.4406573179250922, 0.5462635412234768, 0.5949293982699397, 0.58563740496724, 0.412501723190836]"
Random,45,completed,2.3414697647094727,3,128,GAT,RELU,ADD,ADAM,1.6990013840340784e-05,0.001,32,12.1248129200103,,0.4263028436029478,"[0.27042820131591494, 0.5288545105701575, 0.5374891766775086, 0.048455847471329805, 0.9533388545207838, 0.1579046957401533, 0.07673124421750566, 0.6900968790547787, 0.21248955851708695, 0.8526056872058956]"
Random,46,completed,8.90881633758545,4,32,GRAPH_SAGE,ELU,MEAN_MAX,SGD,2.1233461148852928e-05,0.001,16,7.487595639002393,,0.47778851281130824,"[0.552546706117306, 0.06643661540596746, 0.20038328799363714, 0.9068291959846443, 0.6516884068390375, 0.9901193254195757, 0.10900693062450384, 0.7035548577955298, 0.19864487239217332, 0.9555770256226165]"
Random,47,completed,1.3583580255508423,4,128,GAT,RELU,MEAN,RMSPROP,0.0006317982513986076,1e-05,128,11.719560925004771,,0.365346519889884,"[0.7344854397468192, 0.5515640779988334, 0.5087275079308413, 0.15724543095117538, 0.14920807959592752, 0.5001688331792206, 0.6001928065307532, 0.417314097096096, 0.711964720695925, 0.730693039779768]"
Random,48,completed,2.5205729007720947,2,64,GAT,TANH,ADD,RMSPROP,3.619563051329328e-05,0.0001,32,4.925340032990789,,0.2037859467988199,"[0.201496804261993, 0.25453332739697454, 0.4906602870856329, 0.4632006960752787, 0.9309995570471897, 0.5144618857091822, 0.1862187154217242, 0.5071746064126378, 0.3948879187232289, 0.4075718935976398]"
Random,49,completed,6.379935264587402,2,32,GAT,RELU,MAX,ADAM,5.396196848775495e-05,0.0001,256,1.7140221189911244,,0.22537941640774478,"[0.0183579634853831, 0.10948353680690015, 0.5956471528756876, 0.11534967388835315, 0.2838199877908444, 0.16434508248009805, 0.244029261330178, 0.5126892387296463, 0.9389387889701661, 0.45075883281548956]"
Random,50,completed,1.2511110305786133,2,128,GAT,GELU,ADD,RMSPROP,0.003956303602863545,0.0001,64,3.05392327500158,,0.09410684106477529,"[0.2405210340688364, 0.4576468054627839, 0.48617397529898876, 0.5151175061161327, 0.9706112481333512, 0.6526360468324888, 0.865763203845713, 0.6042411543662103, 0.45038613793903204, 0.18821368212955059]"
Random,51,completed,3.4291789531707764,4,32,GAT,RELU,MEAN,ADAM,0.0001696729912634707,1e-05,128,10.371868971007643,,0.12212308228973678,"[0.6366710493675998, 0.13598705890603657, 0.4310121169737148, 0.1148122082883769, 0.18776491905176684, 0.010833026580904237, 0.4098709054459718, 0.4782297199806569, 0.7690756514784458, 0.24424616457947357]"
Random,52,completed,1.2444785833358765,2,256,GAT,RELU,ADD,SGD,0.00011505376967878209,1e-05,256,3.976016624001204,,0.07170668310889339,"[0.10581559726046297, 0.7937927219976728, 0.4055887591894314, 0.01614534703170878, 0.841690437791985, 0.8527404760354825, 0.35363361755920464, 0.4294464357845865, 0.8032583818375635, 0.14341336621778678]"
Random,53,completed,3.025357723236084,3,256,GAT,TANH,MEAN_MAX,RMSPROP,3.110309387759294e-05,0.001,16,22.154156010001316,,0.02044715490087884,"[0.39223590552106224, 0.6943950636927937, 0.49301994642038693, 0.3672404485548941, 0.5803612720845059, 0.6658141013004911, 0.16426786372852042, 0.777215623550663, 0.10041425399656245, 0.04089430980175768]"
Random,54,completed,4.35686731338501,2,128,GATED,TANH,MEAN_MAX,ADAM,1.2978688417610366e-05,0.0,32,2.7998815629980527,,0.416863345170479,"[0.24780127463529, 0.5509097663195399, 0.7710458629001384, 0.3942308041201005, 0.5429929198351572, 0.01445481837834972, 0.037743602116391384, 0.09067380355676558, 0.32430025272228236, 0.833726690340958]"
Random,55,completed,4.0873870849609375,3,512,GATED,TANH,ADD,ADAMW,0.003419747287009756,1e-05,16,12.149587913008872,,0.15545748027352202,"[0.2621669476929691, 0.9467290173258405, 0.7564540223183644, 0.37444111545202396, 0.7734316075865846, 0.458250923507199, 0.8446646712280393, 0.47638979308251017, 0.12144089723556639, 0.31091496054704404]"
Random,56,completed,2.4039435386657715,4,512,GAT,ELU,MEAN,ADAM,1.386239942508586e-05,0.0001,256,10.872735814002226,,0.004715392505419358,"[0.6522553576253592, 0.9144477249259749, 0.4818549557788846, 0.7712709908448997, 0.1097931216667638, 0.19555570458508564, 0.047279469420576814, 0.577723196045917, 0.9379986851757433, 0.009430785010838716]"
Random,57,completed,0.8854953646659851,4,256,GATED,TANH,ADD,RMSPROP,0.0007009856393705019,1e-05,32,10.880770666000899,,0.362335522960781,"[0.5280362666291311, 0.7373200366602256, 0.7239101857346997, 0.26715078506630663, 0.838938099083188, 0.5774012808886536, 0.6152363736512585, 0.4970410924242483, 0.36315958239104895, 0.724671045921562]"
Random,58,completed,34.11176681518555,5,256,GRAPH_SAGE,TANH,MEAN_MAX,ADAM,0.003262833692117909,0.001,32,3.4509096779947868,,0.4641369892963469,"[0.8575583940614049, 0.7031183836519362, 0.2781429489955851, 0.2786716066011018, 0.559373666503535, 0.21455659136462002, 0.8378649793986791, 0.6799304442693148, 0.20580676852517454, 0.9282739785926938]"
Random,59,completed,5.744460582733154,3,128,GRAPH_SAGE,TANH,MAX,SGD,0.00011259121860936427,0.001,32,2.8577179220010294,,0.17398711145414597,"[0.45545427788509174, 0.5975303460104271, 0.3991851390974003, 0.41515399705469935, 0.4736753383051324, 0.8852179425446883, 0.350501506553614, 0.7839987575798757, 0.30168681493959937, 0.34797422290829194]"
Random,60,completed,4.744454860687256,4,32,GRAPH_SAGE,ELU,MEAN_MAX,SGD,3.689840281375936e-05,0.001,256,1.052905381002347,,0.15532004779607017,"[0.5347382919132562, 0.17712725593997647, 0.3257211394352528, 0.8121291807969535, 0.503646222362271, 0.9415785389418326, 0.18900252255723582, 0.8098450297887059, 0.8148859951778604, 0.31064009559214034]"
Random,61,completed,4.5234174728393555,3,512,GCN,ELU,MEAN_MAX,ADAMW,0.00013554114848420863,0.0001,128,0.8950554530019872,,0.17070261199181364,"[0.36107365337649644, 0.938653256705398, 0.13597163812294077, 0.9085912065624137, 0.5475146060301165, 0.34133741200686685, 0.37735705374596984, 0.5731752267698076, 0.7486509704701774, 0.34140522398362727]"
Random,62,completed,3.6031062602996826,2,256,GIN,RELU,MEAN_MAX,ADAM,7.718789552129584e-05,0.0001,256,0.41203967000183184,,0.1628345071052053,"[0.014496533932124467, 0.7147342709144635, 0.9898087948113775, 0.20959948784127413, 0.6725560776915965, 0.06191249055498449, 0.2958497334431909, 0.5473315664392924, 0.8317392230031148, 0.3256690142104106]"
Random,63,completed,4.051072597503662,4,256,GATED,TANH,MAX,SGD,5.0947995821552306e-05,1e-05,128,1.9154364749992965,,0.14733684234680583,"[0.6506216312510581, 0.715361126124415, 0.6758311132683579, 0.26582001090703344, 0.4601091881356967, 0.9127765960643565, 0.23570903483995664, 0.36053136061601165, 0.6456310358656507, 0.29467368469361166]"
Random,64,completed,7.892480850219727,3,128,GCN,GELU,MEAN_MAX,SGD,0.0024388518180143933,0.001,64,1.5232571700034896,,0.359985644050857,"[0.2516942427875333, 0.5786153012952727, 0.010475990868600515, 0.6520890969281596, 0.5423893776315111, 0.939925691406732, 0.7957284712848851, 0.8114463266040937, 0.5638056853694159, 0.719971288101714]"
Random,65,completed,3.2154464721679688,2,32,GIN,RELU,MAX,ADAMW,0.0005622489148020102,0.0001,32,1.903215023005032,,0.1586326643743321,"[0.20347731123749546, 0.07014437329183065, 0.9465650108082231, 0.21637591591653182, 0.3649312735506577, 0.34438256762869035, 0.5833095419585498, 0.5991614858567572, 0.36473595712627505, 0.3172653287486642]"
Random,66,completed,3.0198612213134766,5,32,GATED,TANH,MEAN_MAX,SGD,1.9145948406352073e-05,1e-05,32,20.097359077000874,,0.06759712829048087,"[0.7769463873178664, 0.13401999187296554, 0.781967923113828, 0.34624991257092985, 0.5692781018169554, 0.9844132442828953, 0.09402562808710957, 0.3631609051806559, 0.33925999803877405, 0.13519425658096174]"
Random,67,completed,3.8456954956054688,5,64,GCN,GELU,MAX,SGD,1.1134807367462269e-05,0.0001,32,20.28259404900018,,0.08188930987583853,"[0.8757178285963291, 0.24499169495183037, 0.1288710976643065, 0.6263067430326169, 0.3266618859649555, 0.8380096320342945, 0.01556090270868915, 0.5834230439117929, 0.26678375431937074, 0.16377861975167707]"
Random,68,completed,3.7407195568084717,2,256,GCN,ELU,MEAN,SGD,6.695930414247665e-05,0.001,256,4.593848278993391,,0.28118892345309204,"[0.14535456241328826, 0.7212660146189765, 0.0001400043336863277, 0.8650925698992888, 0.15868290767995408, 0.8337565289110667, 0.27527031057126805, 0.7673403763516988, 0.9595747312076017, 0.5623778469061841]"
Random,69,completed,5.7744460105896,3,256,GATED,RELU,MAX,ADAM,3.0788167337924026e-05,0.01,32,3.286283345994889,,0.41681806290672774,"[0.4155765648991627, 0.7304726538823483, 0.7723873447744778, 0.004303264487385827, 0.44675510041389765, 0.17808175136950666, 0.16279461278136587, 0.952035672857606, 0.33677001632480497, 0.8336361258134555]"
Random,70,completed,42.853118896484375,2,512,GAT,ELU,MEAN_MAX,RMSPROP,0.002313718235866706,0.001,256,0.6500167890044395,,0.22528861030871628,"[0.0036672743403387553, 0.8142136703695481, 0.5461565042534997, 0.971845462258688, 0.5698799372874475, 0.6734723701624036, 0.7881034898475661, 0.7730169611370636, 0.8650500228639858, 0.45057722061743255]"
Random,71,completed,4.0427045822143555,5,512,GCN,RELU,MAX,SGD,0.0008834102183737956,1e-06,256,0.9982977920008125,,0.06542330223758003,"[0.8215499242045121, 0.8193923688677385, 0.1952694722914471, 0.23684982311313618, 0.29278325477168576, 0.9838462300175012, 0.648720806139956, 0.2850252540129252, 0.9095488403146007, 0.13084660447516006]"
Random,72,completed,1.3478142023086548,4,128,GCN,TANH,ADD,ADAM,0.000580560990111659,0.01,16,15.035158539001714,,0.2086588292824194,"[0.7096370807370267, 0.40656885768510154, 0.07197198553663531, 0.47358505557022845, 0.8055116083537949, 0.20500011420351427, 0.5879492835790306, 0.9349674300741723, 0.12886655042057849, 0.4173176585648388]"
Random,73,completed,1.210782527923584,5,32,GATED,TANH,MEAN,ADAMW,0.00584238925731508,0.0,16,13.172342986988951,,0.002737632594739303,"[0.8669363029302858, 0.13778471096851674, 0.7909436105873385, 0.387356909781709, 0.1786655326458476, 0.4338005816440863, 0.9221968296919227, 0.09948288942107708, 0.03874954631115013, 0.005475265189478606]"
Random,74,completed,1.3854758739471436,2,512,GIN,TANH,ADD,ADAM,4.497955259762994e-05,0.0,64,2.1205843680072576,,0.39036931595472485,"[0.19140308235674908, 0.9392204371271052, 0.8634568617214557, 0.46226947048049405, 0.8122403471376219, 0.21693644335820705, 0.21767171042769928, 0.07962973645957905, 0.5563386730584503, 0.7807386319094497]"
Random,75,completed,1.982528567314148,5,128,GCN,ELU,MEAN,ADAM,0.00023404708735652471,0.01,64,12.175528751002275,,0.14908631613333567,"[0.8238289163719185, 0.5528653922810844, 0.05981577325545673, 0.9908424874075134, 0.05285597535263942, 0.05178674159067154, 0.456434413612281, 0.857422768665227, 0.5620287620011876, 0.29817263226667134]"
Random,76,completed,6.294317245483398,3,128,GAT,RELU,MAX,SGD,0.0003115737191177028,0.001,16,7.995958496991079,,0.3281745267416088,"[0.2864308948660723, 0.42289610261135524, 0.4800924274052458, 0.24988477027753375, 0.4703965197908383, 0.8286762562603441, 0.49785360610296614, 0.6974611794753415, 0.1277792808651087, 0.6563490534832176]"
Random,77,completed,3.082791805267334,3,256,GATED,ELU,MEAN,SGD,4.5981019524524425e-05,0.001,256,5.6129150740016485,,0.1012783689274353,"[0.42512743548834897, 0.6539869292236391, 0.6042162747304829, 0.9155858072883529, 0.16735173673961345, 0.9907509979378548, 0.22085953217745147, 0.6832593018108034, 0.9022110653269765, 0.2025567378548706]"
Random,78,completed,14.779500961303711,3,256,GATED,TANH,MAX,ADAMW,0.007094909978504456,1e-05,32,2.4618000670016045,,0.04222683054221538,"[0.29747956762272365, 0.6117092243161064, 0.7581914535869416, 0.46941012023450723, 0.38165691745194397, 0.42133458894242126, 0.9503156298072839, 0.36495998152344356, 0.38506946261501596, 0.08445366108443075]"
Random,79,completed,3.781939744949341,5,32,GATED,TANH,MEAN,ADAM,1.2200104957089598e-05,0.01,256,6.383070915995631,,0.4264704714102045,"[0.9583790851693403, 0.060045018153669694, 0.6675839510678463, 0.4721989951509674, 0.18424584324943727, 0.021450656253782285, 0.028787855637177895, 0.8342190920059208, 0.8905577933687172, 0.852940942820409]"
Random,80,completed,4.0673909187316895,3,256,GAT,ELU,ADD,SGD,0.007113860752149418,0.0,128,1.8316773830010789,,0.41159612538806783,"[0.48939188500321695, 0.6585297882498959, 0.4626303705436591, 0.9024905402196167, 0.8064397809285422, 0.975917937603927, 0.950701786661054, 0.13649548108073062, 0.627201589018453, 0.8231922507761357]"
Random,81,completed,3.2643442153930664,3,64,GIN,ELU,MEAN_MAX,ADAMW,0.0004859555283790505,0.0001,32,2.625069813002483,,0.3270262953744957,"[0.2521578885030571, 0.25216293990616623, 0.9915339734261381, 0.9561244758587053, 0.5199125873470098, 0.47271805197925854, 0.5621988423855855, 0.6056193260913306, 0.2532041471672528, 0.6540525907489914]"
Random,82,completed,8.35669231414795,5,128,GRAPH_SAGE,ELU,MEAN_MAX,SGD,7.727975147647655e-05,0.0001,16,6.333574926000438,,0.45099601755964824,"[0.9308803756853061, 0.40225575010714176, 0.2727479425952889, 0.8654943754268165, 0.7062120897739784, 0.818053494257503, 0.2960219055881569, 0.6078316865036686, 0.03997688232216279, 0.9019920351192965]"
Random,83,completed,1.0980284214019775,4,64,GAT,RELU,ADD,ADAMW,4.6387608225133434e-05,0.001,16,49.33344362200296,,0.06165840069531758,"[0.5102255785932216, 0.39588289193952486, 0.4618937084343807, 0.14064928637346863, 0.8984228423580355, 0.4920698695936837, 0.2221339935312231, 0.7130934617820472, 0.17501004167396383, 0.12331680139063517]"
Random,84,completed,1.2111696004867554,2,512,GAT,RELU,ADD,ADAM,6.817912535987614e-05,0.0001,256,1.4516487299988512,,0.2235635876896554,"[0.028734127168504986, 0.9249585563081578, 0.5535505394989079, 0.23693102889358353, 0.9888878787948456, 0.12343587181539917, 0.2778838085183344, 0.6368913376475557, 0.8843305904938035, 0.4471271753793108]"
Random,85,completed,2.5730204582214355,3,64,GIN,GELU,MEAN,ADAMW,3.052633215022625e-05,0.0001,16,13.55584446300054,,0.2578672507005897,"[0.36283364784492544, 0.22756865112757174, 0.9038591458558706, 0.6623976613836209, 0.17392304992541396, 0.387362372287969, 0.16155820845754776, 0.6164274847933084, 0.017662506221367003, 0.5157345014011794]"
Random,86,completed,2.809079170227051,3,128,GCN,GELU,MEAN,ADAMW,5.6079904045180035e-05,0.0,16,24.542717421005364,,0.32399340003427674,"[0.40037895863624384, 0.5396165109448599, 0.12924854039307143, 0.746013576893792, 0.10632935937280441, 0.3636281769963029, 0.2496024206216949, 0.11013322837020234, 0.16674962924408843, 0.6479868000685535]"
Random,87,completed,4.808941841125488,2,512,GIN,RELU,MEAN_MAX,ADAM,3.21271358411739e-05,1e-05,16,4.14939948299434,,0.4230721094613016,"[0.18176921129783763, 0.9527071908062891, 0.9429259706727209, 0.08175698265272646, 0.522199702337265, 0.20254344551105996, 0.1689573365302589, 0.49794198830356595, 0.09266121299584251, 0.8461442189226032]"
Random,88,completed,5.584587574005127,4,512,GATED,ELU,MAX,SGD,0.0011787879497644222,0.001,32,3.0276691150065744,,0.2267544473266606,"[0.5542564538042599, 0.8443564057357575, 0.7272547502368827, 0.9829622101809871, 0.2810605812956064, 0.8181719639222435, 0.690478562532442, 0.6809020448341442, 0.3824177907510009, 0.4535088946533212]"
Random,89,completed,3.0082573890686035,3,64,GIN,TANH,ADD,ADAM,0.005621912032947924,1e-06,256,0.4504914119897876,,0.19866404317434044,"[0.3081667250557716, 0.29703824229825326, 0.871609902386885, 0.27280554163107285, 0.7767736275986789, 0.0578047487632527, 0.9166280152806676, 0.3188811437450667, 0.9341475697436614, 0.3973280863486809]"
Random,90,completed,1.9803440570831299,3,128,GAT,RELU,MEAN,ADAM,3.200522691862137e-05,0.0001,128,18.749036384993815,,0.17022255895554994,"[0.42433131228382925, 0.4190041656857849, 0.5283253248585591, 0.2130935823109581, 0.18107050052800866, 0.014387807818448284, 0.16840697023726814, 0.6365985085798389, 0.7770220601804714, 0.3404451179110999]"
Random,91,completed,5.419521331787109,5,128,GIN,RELU,MAX,RMSPROP,8.022188541366523e-05,1e-06,16,8.390883633997873,,0.40011713654566056,"[0.8093820288590622, 0.45219287450620627, 0.9698353033847973, 0.2086891130143259, 0.3760442114003263, 0.5264703601374735, 0.3014309549217189, 0.19502548198072134, 0.12052690641775576, 0.8002342730913211]"
Random,92,completed,4.433928489685059,2,512,GCN,ELU,MEAN_MAX,SGD,1.1237966995252597e-05,0.001,256,1.1806800379999913,,0.24515563028033888,"[0.10798105140129277, 0.8612273978654333, 0.154144584086496, 0.7847247470505843, 0.5537703408392556, 0.7907930611634477, 0.01689591742758456, 0.81921842558654, 0.9874902591045764, 0.49031126056067775]"
Random,93,completed,3.7591137886047363,5,32,GRAPH_SAGE,GELU,MEAN,SGD,5.042192998996992e-05,0.01,128,10.787570590997348,,0.312448012180444,"[0.7696364974722965, 0.19422895275334373, 0.3221794967774838, 0.7467117952090947, 0.15900989474663574, 0.851527024471226, 0.2342064883534094, 0.9505945183453116, 0.6633498553909513, 0.624896024360888]"
Random,94,completed,7.451655387878418,2,512,GRAPH_SAGE,GELU,MAX,RMSPROP,0.0004806679798142537,0.01,32,1.8156484969949815,,0.4427577110484421,"[0.06753144411951217, 0.9089497417217748, 0.24003876342651165, 0.5732435656670049, 0.3608809814274825, 0.7093825529532868, 0.560615064041387, 0.8409401910024701, 0.32922805710392333, 0.8855154220968842]"
Random,95,completed,39.27976989746094,3,256,GAT,ELU,MAX,ADAMW,0.004593466975796222,0.001,16,8.24872788200446,,0.19519057219701375,"[0.49607604974159936, 0.7015487641032374, 0.5629221137723729, 0.7699753281683865, 0.3525354501516337, 0.27252036499121646, 0.8873801994707156, 0.8288587431863833, 0.10991872977205985, 0.3903811443940275]"
Random,96,completed,4.1196160316467285,5,256,GRAPH_SAGE,GELU,MEAN_MAX,SGD,7.181457411972014e-05,0.001,256,1.209161494,,0.043337807755310986,"[0.8822607251588338, 0.6927382012314263, 0.30759847392940054, 0.6846083830762092, 0.7033324964387357, 0.8111244449516292, 0.28540419644416615, 0.8323945694706884, 0.8094460516875159, 0.08667561551062197]"
Random,97,completed,5.082958698272705,4,64,GIN,RELU,MEAN_MAX,RMSPROP,0.0003713893418558546,1e-06,32,3.10189081900171,,0.37091758198361735,"[0.5786075857262981, 0.24957185552408157, 0.9748977637478144, 0.17230397633914418, 0.6405475694962443, 0.694263253190764, 0.5232764787281904, 0.25332696649520003, 0.20207782569832755, 0.7418351639672347]"
Random,98,completed,0.7646385431289673,5,32,GATED,RELU,ADD,ADAMW,0.0011298977652192184,1e-05,128,5.3828295249986695,,0.03506774941984153,"[0.7525930544048093, 0.013566360589665205, 0.6151054117167498, 0.06447301233983549, 0.8364668143305103, 0.40090418076365886, 0.6843463832231519, 0.39730178485735623, 0.7101918209724214, 0.07013549883968306]"
Random,99,completed,1.8080064058303833,5,64,GIN,TANH,MEAN_MAX,SGD,5.15302832863479e-05,1e-06,16,43.63079756499792,,0.3823482457715654,"[0.9054185476697997, 0.31010836880601533, 0.8764312498037043, 0.37189196151336434, 0.722247735370572, 0.990174363358592, 0.2373541766632944, 0.22430428203951813, 0.1322481515852979, 0.7646964915431308]"
Random,100,completed,4.338244915008545,5,512,GIN,TANH,MEAN,RMSPROP,0.0046525773499423795,0.0,256,0.7134794379962841,,0.3933834563342018,"[0.9172713310060872, 0.9945820221296695, 0.9245547388845291, 0.4483903384391482, 0.00047973022727898496, 0.7011400077397038, 0.8892312006957876, 0.05941263497019611, 0.9264222113135082, 0.7867669126684036]"
Random,101,completed,3.452221393585205,3,32,GIN,GELU,MAX,RMSPROP,1.7353213565414903e-05,0.0001,64,2.7799279800092336,,0.0925580534992973,"[0.25197302902705687, 0.10327105546940951, 0.9720919480388148, 0.548528173070565, 0.33358419583014043, 0.7400886154822841, 0.07979330388750994, 0.6546729142639544, 0.4676349870397727, 0.1851161069985946]"
Random,102,completed,1.9720739126205444,4,64,GRAPH_SAGE,GELU,MEAN_MAX,ADAM,0.0007554058210095771,0.01,32,4.9670176609943155,,0.013318356078563298,"[0.6880589669949871, 0.3931040792294076, 0.32655264995705036, 0.6278809284128115, 0.6863313697195942, 0.1716206161371886, 0.6260601090309248, 0.8558856061815572, 0.3986079072836647, 0.026636712157126596]"
Random,103,completed,0.8783660531044006,4,32,GATED,RELU,MAX,ADAMW,0.0001270102477974115,0.0,32,26.3786078789999,,0.0011131107223359415,"[0.5010382870761091, 0.13913863239695634, 0.7770637339132184, 0.055355108156717514, 0.26859302571152954, 0.48559010215929255, 0.3679462544454666, 0.15761732353618518, 0.3925109529122701, 0.002226221444671883]"
Random,104,completed,3.991515636444092,3,128,GATED,ELU,MEAN_MAX,RMSPROP,2.0439633340685213e-05,0.01,128,0.9916648310027085,,0.3207966939408184,"[0.267378560782763, 0.5071441034282991, 0.6355877746669347, 0.9356165094441873, 0.5374845585147319, 0.7093636721054027, 0.10349103362608747, 0.9468177405883554, 0.6978648273834072, 0.6415933878816368]"
Random,105,completed,4.841362476348877,4,64,GATED,RELU,MAX,ADAMW,0.00036922627630882657,1e-05,256,0.5772796919918619,,0.2714981645061192,"[0.6564039625085827, 0.2333924794369071, 0.6542084459239902, 0.13224550015909653, 0.4862773389330387, 0.49993148283649236, 0.5224308667993036, 0.39183053874376383, 0.8969618105201237, 0.5429963290122384]"
Random,106,completed,5.507740497589111,2,128,GCN,GELU,MAX,ADAM,2.375361621695719e-05,0.0001,16,5.6745129649934825,,0.32748586353258896,"[0.16603835323520422, 0.5162764218729067, 0.011995960114247639, 0.6006923230103289, 0.46066629127514624, 0.018553308228795085, 0.1252432451240596, 0.6066028610032115, 0.17947785719191767, 0.6549717270651779]"
Random,107,completed,8.820442199707031,5,128,GATED,TANH,MEAN_MAX,ADAM,0.002172386282024594,0.01,32,3.721226574998582,,0.39974113850481535,"[0.9917257396858723, 0.497346318637631, 0.7118482908840478, 0.35866609415238315, 0.667167339260398, 0.06610080914672434, 0.7789790172294447, 0.9348879494304793, 0.25435221895123417, 0.7994822770096307]"
Random,108,completed,5.8633527755737305,4,512,GCN,ELU,ADD,SGD,1.0669686677005253e-05,0.0,128,1.2613976150023518,,0.49343098136064284,"[0.7067733868630568, 0.9261013737593717, 0.19160499835989087, 0.7771888275943984, 0.9076361452337454, 0.8143961234141621, 0.009383888747687474, 0.08644824629115133, 0.7753686488174973, 0.9868619627212857]"
Random,109,completed,3.404104471206665,5,32,GCN,GELU,MEAN,SGD,0.00039721425323564205,0.0001,32,10.272553720002179,,0.3614723212573193,"[0.8348332342370257, 0.05497374829890922, 0.19073439079495114, 0.5653349463434011, 0.19157586000904703, 0.9787879029310071, 0.533008274629372, 0.5609911431674584, 0.37187864500836565, 0.7229446425146386]"
Random,110,completed,3.987995147705078,2,256,GAT,GELU,MEAN,SGD,0.0004682224180495341,0.0,128,1.8897688029974233,,0.4815917845316018,"[0.21841373785069873, 0.6465037205270092, 0.5380081620729246, 0.5043137786482875, 0.10715105294546023, 0.8982613803516716, 0.5568174011567445, 0.0414972198659328, 0.7586975724069981, 0.9631835690632036]"
Random,111,completed,5.099832534790039,4,256,GIN,ELU,MAX,SGD,0.00019271788966597226,1e-06,128,1.0219330430118134,,0.4492505043619523,"[0.5063708345533245, 0.720490461509974, 0.8773702105312821, 0.7936916423445982, 0.3148078737054343, 0.985405725691708, 0.42830734377564494, 0.1750816252260724, 0.7149266292078543, 0.8985010087239046]"
Random,112,completed,11.309889793395996,3,128,GRAPH_SAGE,RELU,MAX,ADAM,0.006482424590981064,0.0001,256,0.5579749759926926,,0.41554699139715817,"[0.2580556593653133, 0.4201194745039951, 0.2958146475680504, 0.001955064667441775, 0.26858459147721725, 0.2496548587306633, 0.9372458244639419, 0.632363455435893, 0.9339283327648751, 0.8310939827943163]"
Random,113,completed,2.0003225803375244,3,512,GATED,GELU,MEAN,SGD,0.0001692873230163095,1e-06,16,34.90523002600821,,0.3292125387104924,"[0.3577721489351072, 0.835927135399158, 0.6668059527375538, 0.5799302231331651, 0.14542736737254236, 0.7954448861238291, 0.40954147914480044, 0.17824671850700158, 0.13946878397589246, 0.6584250774209848]"
Random,114,completed,6.7084808349609375,3,256,GCN,RELU,MAX,ADAM,0.0006163683519954129,0.0,64,1.4896719849930378,,0.3661086166597317,"[0.446866567703623, 0.7340180955409339, 0.013847884758756757, 0.011856335272397489, 0.4695893887548501, 0.2021100543968528, 0.5966134437886529, 0.0856106282815906, 0.4250659274980748, 0.7322172333194634]"
Random,115,completed,2.421243190765381,2,128,GCN,GELU,MAX,RMSPROP,0.0004053653719358702,0.001,32,4.234308382001473,,0.03763119751652433,"[0.022791455149049566, 0.45415026264644975, 0.16911827364052767, 0.5402304801941604, 0.2628027941534462, 0.6599432218017501, 0.535948882209203, 0.6739418164796077, 0.31309051677756783, 0.07526239503304866]"
Random,116,completed,1.5868662595748901,3,256,GRAPH_SAGE,ELU,ADD,ADAM,0.0002978569419588853,0.0,64,2.9124716099904617,,0.39464803630566414,"[0.3466940034982251, 0.7828473222223579, 0.25683907915656723, 0.8951821576365898, 0.8292444696396141, 0.0857679327674814, 0.4913359087910343, 0.02097886113985581, 0.4570747304651952, 0.7892960726113283]"
Random,117,completed,1.7920591831207275,5,256,GATED,TANH,ADD,ADAM,5.3848175587548614e-05,1e-06,256,1.7762082720000762,,0.2705391465401166,"[0.8768293584198211, 0.6040108236601425, 0.7734140982019773, 0.4065628889499896, 0.9389876519798025, 0.23944970631216944, 0.2437236645645826, 0.23867011373288516, 0.8756669497787453, 0.5410782930802333]"
Random,118,completed,1.468078374862671,4,32,GIN,TANH,ADD,ADAMW,3.300764634342194e-05,0.0001,64,8.40924037899822,,0.25845046693124085,"[0.5279741779186932, 0.10717361656118185, 0.9084949259503939, 0.48775586276655536, 0.9504383084191953, 0.4506488935257863, 0.17287151915213883, 0.5321704590473656, 0.47653348028857934, 0.5169009338624817]"
Random,119,completed,5.701704025268555,2,256,GCN,GELU,MEAN_MAX,ADAMW,0.006008745044130683,1e-06,64,1.2472009290067945,,0.20132745727915102,"[0.029585477938299132, 0.6589767887947245, 0.18273434863486415, 0.6327655505574051, 0.6310443003324927, 0.42909912465001465, 0.9262612589803804, 0.3043016770567948, 0.5679415599261952, 0.40265491455830205]"
Random,120,completed,8.350433349609375,2,512,GAT,GELU,MAX,SGD,4.2957887607262174e-05,0.01,16,7.760970553994412,,0.40887781889912483,"[0.16408867219705758, 0.8776946452282192, 0.5908746158797589, 0.6014886380280418, 0.37386261970031787, 0.8139834429741886, 0.21101430580199876, 0.9319279514496299, 0.12324643575035577, 0.8177556377982497]"
Random,121,completed,1.8050792217254639,3,128,GRAPH_SAGE,TANH,ADD,SGD,2.13252401329549e-05,0.0,128,4.3305402060068445,,0.10672886051746766,"[0.3927124505150894, 0.5724094472260264, 0.30327479987995476, 0.48157423725873105, 0.8956390614916355, 0.807696685043442, 0.10963131008063598, 0.08312185344920198, 0.7684429501079777, 0.21345772103493532]"
Random,122,completed,2.549821376800537,4,512,GIN,ELU,MEAN,ADAM,4.222280050849818e-05,1e-06,256,0.9048044090013718,,0.44565728941965194,"[0.5148314281726161, 0.9236844530757735, 0.8354454479610778, 0.8960244044975942, 0.24832547668990002, 0.20982171707744934, 0.2085156784480816, 0.16905250785076575, 0.9470069725063748, 0.8913145788393039]"
Random,123,completed,2.7529940605163574,5,64,GRAPH_SAGE,TANH,MEAN,ADAMW,7.531616319880627e-05,0.0001,64,6.4348787130002165,,0.17001506821473727,"[0.933228618081815, 0.2971558042010011, 0.25885917845110507, 0.49862765893193617, 0.0439345775536355, 0.4389281470661581, 0.29229606260598606, 0.5431676282505511, 0.5796101555178534, 0.34003013642947455]"
Random,124,completed,3.8566203117370605,5,256,GIN,TANH,MEAN_MAX,ADAM,0.00011989818812361218,1e-05,256,0.691827785994974,,0.2673825648703119,"[0.8497595631463207, 0.69745680883499, 0.8819305798489836, 0.44848378547189627, 0.7474568089684664, 0.20211817579139202, 0.3596042067269647, 0.39643178146797575, 0.9279807429582353, 0.5347651297406238]"
Random,125,completed,1.2647340297698975,4,64,GATED,RELU,ADD,ADAM,0.0008123686971693054,0.01,256,2.2408861289877677,,0.36302715679608444,"[0.5231168516198974, 0.3247171782595163, 0.7758864760071734, 0.2008229673266918, 0.9119881023698828, 0.010198420721893808, 0.6365843934926747, 0.8563165442885236, 0.9994524716877063, 0.7260543135921689]"
Random,126,completed,3.1345407962799072,4,128,GRAPH_SAGE,GELU,MAX,SGD,0.0027790462679059265,0.0,128,1.4177023869997356,,0.035351935103742405,"[0.5433814981147227, 0.5136420140020033, 0.304223689254141, 0.6254480946801142, 0.4451080171980658, 0.7654437928382836, 0.8146319257794505, 0.1619193274565145, 0.6873618336463506, 0.07070387020748481]"
Random,127,completed,2.700308084487915,2,128,GRAPH_SAGE,TANH,ADD,RMSPROP,0.0006804607192606017,0.0,16,7.303210442012642,,0.2976431632687539,"[0.11640647730159492, 0.46247530150225014, 0.2740978662178569, 0.4076719564905652, 0.8731050464259105, 0.6932222178180085, 0.6109343532945297, 0.09719340930122078, 0.1814364140261302, 0.5952863265375078]"
Random,128,completed,1.1332893371582031,2,32,GCN,RELU,ADD,ADAMW,0.00011659238751980018,0.0,32,20.75842478100094,,0.4763317497445433,"[0.1345824810130204, 0.10828181149247573, 0.07853112593624223, 0.15902588750475855, 0.8779046693559273, 0.4919357186684945, 0.3555567318846502, 0.015003490625898785, 0.35808806297196294, 0.9526634994890866]"
Random,129,completed,4.544512748718262,4,256,GCN,ELU,MAX,ADAM,0.0003482343771914162,0.001,128,0.9989142410049681,,0.20286394938554658,"[0.6523874792182033, 0.6147738374292655, 0.0536037506627316, 0.7967390022565991, 0.2507504435374419, 0.005922151844523826, 0.5139572139391526, 0.7255070417189434, 0.6858605413414849, 0.40572789877109317]"
Random,130,completed,1.4385254383087158,3,512,GATED,GELU,ADD,RMSPROP,9.502925887453253e-05,1e-06,128,2.3964374780043727,,0.3996896762264794,"[0.37701545656549973, 0.8187102045919994, 0.7520574032523364, 0.6361979341880348, 0.7972198331884823, 0.5832375936025501, 0.32595244741684437, 0.24607068847014568, 0.6924356614304491, 0.7993793524529588]"
Random,131,completed,6.516672611236572,5,128,GCN,GELU,MAX,ADAMW,1.1233967276257103e-05,0.0,16,18.065146396998898,,0.4062136309113755,"[0.9896080242476546, 0.49230795628527857, 0.18058622538683466, 0.6347002874139638, 0.35342135633813254, 0.31075583596368916, 0.016844384824404424, 0.04187097439759946, 0.004155966354604912, 0.812427261822751]"
Random,132,completed,8.392438888549805,5,64,GCN,RELU,MAX,RMSPROP,0.00018057992490198884,0.001,16,8.036672315996839,,0.40928784342375524,"[0.916783551397311, 0.31327388101239995, 0.021465225222428552, 0.16119975359202932, 0.41300465859389457, 0.545633741660063, 0.41888982269221753, 0.6698989655398858, 0.06445530589309523, 0.8185756868475105]"
Random,133,completed,2.1364214420318604,5,256,GIN,ELU,MEAN,RMSPROP,0.00037382377208341507,0.01,128,2.9759180289984215,,0.32045200346189934,"[0.8744212505843326, 0.7663329098743668, 0.8265429035675255, 0.9275486348079081, 0.1769337037355141, 0.5239648678547656, 0.5242223051462317, 0.9206528654168639, 0.6914149960942952, 0.6409040069237987]"
Random,134,completed,8.101014137268066,4,32,GATED,RELU,MAX,ADAM,0.00019951648837911412,0.0001,256,0.7147457780083641,,0.495362690398635,"[0.5038716591838351, 0.1879852417968455, 0.7932124167660745, 0.08659008343563557, 0.30620762862475315, 0.05706279327367425, 0.43332626411145847, 0.5745971121645782, 0.9132615331541191, 0.99072538079727]"
Random,135,completed,3.5006442070007324,2,512,GIN,ELU,MEAN_MAX,SGD,8.692805554545999e-05,0.0,32,1.962241511006141,,0.4350191026605714,"[0.10325730355126661, 0.9332328028845746, 0.8751582116432272, 0.9348336737949277, 0.5383852171348826, 0.8590076189721428, 0.3130533217320257, 0.1577606918650224, 0.24226746967574408, 0.8700382053211428]"
Random,136,completed,5.5457282066345215,4,512,GRAPH_SAGE,RELU,MAX,RMSPROP,0.0010020228848201958,0.0001,64,1.4849866510048741,,0.367245013435904,"[0.6833718633507531, 0.8437990134432579, 0.3415057267305891, 0.20499806296169365, 0.42827441221834117, 0.695465620493698, 0.6669592134437542, 0.5146929116295749, 0.5727928592816065, 0.734490026871808]"
Random,137,completed,1.2962645292282104,3,32,GIN,TANH,ADD,ADAMW,0.00018974917315509848,0.0001,64,5.732306670994149,,0.29966085388588204,"[0.27625367118612365, 0.19022634743667088, 0.9287714115259442, 0.45142118642668205, 0.9762880899099344, 0.4398366296198538, 0.4260599640346526, 0.5587474411355685, 0.5640040283981361, 0.5993217077717641]"
Random,138,completed,5.751011371612549,2,32,GAT,GELU,MEAN_MAX,ADAMW,4.750873040299736e-05,0.0,32,5.416039589006687,,0.3827012568265672,"[0.19228274429455205, 0.16332952296888714, 0.4702997282560927, 0.5087526212680646, 0.5565365726854558, 0.3344649775993038, 0.2255911415763464, 0.09388076007897406, 0.2894793411853276, 0.7654025136531344]"
Random,139,completed,3.2090859413146973,2,32,GCN,GELU,MAX,SGD,2.069907504983607e-05,0.0001,32,14.662921795999864,,0.018489083610394252,"[0.0008966504151952659, 0.02540337678709559, 0.18044161684770021, 0.7029862562728945, 0.37726556962122826, 0.964156904164411, 0.10531697972996745, 0.523774187932992, 0.21856321091416353, 0.036978167220788505]"
Random,140,completed,1.5035419464111328,2,32,GRAPH_SAGE,TANH,MEAN,RMSPROP,0.00017930137577049774,0.001,16,45.07219161299872,,0.1461881653041217,"[0.021258091653327926, 0.15408920095340672, 0.22951829647925837, 0.3443974078498391, 0.12043966343018664, 0.5541360590805181, 0.4178612072982759, 0.7023996069120848, 0.07833493433847938, 0.2923763306082434]"
Random,141,completed,3.6643075942993164,2,128,GIN,TANH,MAX,SGD,0.0002731507803110925,0.01,256,0.42848394899920095,,0.19080843520576213,"[0.087821487763721, 0.547246400730002, 0.9158702876590008, 0.38156383050291987, 0.31878200493632813, 0.8098559309442794, 0.4788008151678068, 0.9335463499582511, 0.8810524332663927, 0.38161687041152426]"
Random,142,completed,7.768882751464844,4,256,GCN,RELU,MEAN_MAX,RMSPROP,0.0008299961832441997,0.0,16,7.0607321629941,,0.33752536684131645,"[0.5472941707356672, 0.6251776371727534, 0.011439976871999602, 0.027620259051045815, 0.7208693115726486, 0.6451904400281746, 0.6396920317559628, 0.028972659681215318, 0.004449443181047674, 0.6750507336826329]"
Random,143,completed,2.9521918296813965,4,256,GIN,GELU,MEAN,ADAMW,2.341934745557111e-05,0.001,64,2.8443973289977293,,0.42295710159817784,"[0.6934651092260853, 0.7476044529262721, 0.9081819613471263, 0.7407583619232581, 0.10938981583573282, 0.49671851935073774, 0.12319159665033252, 0.7023745838736535, 0.5367376091144335, 0.8459142031963557]"
Random,144,completed,1.311471939086914,4,64,GATED,GELU,ADD,ADAMW,1.2218510227226111e-05,0.01,32,45.05581088899635,,0.32015091179915306,"[0.5571620440508734, 0.3173611293381955, 0.6041155484989027, 0.6046489361472913, 0.9313793037068199, 0.487615103698281, 0.029006085560308592, 0.980691397434569, 0.3671668323959334, 0.6403018235983061]"
Random,145,completed,2.7240874767303467,5,128,GIN,RELU,MAX,RMSPROP,0.0007348211729447589,1e-06,64,2.7801031029957812,,0.060861432399176685,"[0.7681166791340199, 0.44428732999139786, 0.9232231546319725, 0.14686066792933883, 0.49851354829776684, 0.7134857704760579, 0.622060553820492, 0.3264434385215276, 0.4377041092002727, 0.12172286479835337]"
Random,146,completed,2.0651395320892334,4,256,GATED,RELU,ADD,SGD,1.6456584130271584e-05,1e-05,64,22.129637606005417,,0.39405729863309424,"[0.5266177303180232, 0.7823525062436877, 0.6388045346983794, 0.21958233823174655, 0.8098734229884176, 0.9740853381361922, 0.07211323144788351, 0.4535477635184383, 0.4134967922872286, 0.7881145972661885]"
Random,147,completed,4.55509614944458,4,128,GCN,RELU,MEAN_MAX,SGD,0.006928583052584904,0.0,128,1.0065368719951948,,0.2641757069518888,"[0.7092580623903083, 0.4492434822951139, 0.06435349569681159, 0.13103820664983, 0.6828323203736444, 0.9180515410217193, 0.9468814757333543, 0.16260811285559762, 0.6321653946507251, 0.5283514139037776]"
Random,148,completed,4.930282115936279,3,256,GRAPH_SAGE,GELU,MAX,ADAMW,2.9889478138598164e-05,0.0001,64,1.1927859829884255,,0.07840655631335491,"[0.429178970005224, 0.6914616464503557, 0.2598263751541746, 0.6877195228203871, 0.3883817145337052, 0.3085573782828607, 0.1585061108176472, 0.5397816010516052, 0.40121627331832643, 0.15681311262670983]"
Random,149,completed,1.6886756420135498,4,64,GCN,RELU,MEAN,SGD,0.0003550265608615625,0.01,128,12.588034091997542,,0.041516582389132695,"[0.6661974956928259, 0.23794801481734396, 0.1092823260825394, 0.11443642774449192, 0.22433651997760262, 0.8125746934254672, 0.516753615153673, 0.9744374262430237, 0.6161133128987782, 0.08303316477826539]"
